14 21 28 
15 22 29 
19 26 33 
20 27 34 
2 9 16 
9 16 23 
16 23 30 
23 30 37 
30 37 44
3 10 17 
10 17 24 
17 24 31 
24 31 38 
31 38 45 
4 11 18 
11 18 25 
18 25 32 
25 32 39 
32 39 46 
2 3 4
9 10 11 
37 38 39 
44 45 46 
14 15 16 
15 16 17 
16 17 18 
17 18 19 
18 19 20 
21 22 23
22 23 24 
23 24 25 
24 25 26 
25 26 27 
28 29 30 
29 30 31 
30 31 32 
31 32 33 
32 33 34 
28 21 14 
29 22 15 
33 26 19 
34 27 20 
16 9 2 
23 16 9 
30 23 16 
37 30 23 
44 37 30 
17 10 3 
24 17 10 
31 24 17 
38 31 24 
45 38 31 
18 11 4 
25 18 11 
32 25 18 
39 32 25 
46 39 32 
4 3 2 
11 10 9 
39 38 37 
46 45 44 
16 15 14 
17 16 15 
18 17 16 
19 18 17 
20 19 18 
23 22 21 
24 23 22 
25 24 23 
26 25 24 
27 26 25 
30 29 28 
31 30 29 
32 31 30 
33 32 31 
34 33 32
